[[0.695 0.016 0.063 0.014 0.023 0.01  0.015 0.022 0.095 0.047]
 [0.02  0.767 0.011 0.008 0.01  0.008 0.013 0.005 0.038 0.12 ]
 [0.067 0.009 0.528 0.063 0.092 0.096 0.067 0.039 0.025 0.014]
 [0.027 0.011 0.083 0.387 0.082 0.24  0.079 0.049 0.014 0.028]
 [0.016 0.009 0.097 0.052 0.589 0.061 0.07  0.084 0.014 0.008]
 [0.012 0.005 0.066 0.163 0.063 0.566 0.038 0.071 0.005 0.011]
 [0.006 0.012 0.051 0.058 0.055 0.034 0.757 0.009 0.008 0.01 ]
 [0.017 0.008 0.036 0.033 0.07  0.095 0.012 0.692 0.005 0.032]
 [0.078 0.051 0.019 0.012 0.009 0.007 0.008 0.009 0.765 0.042]
 [0.035 0.115 0.017 0.018 0.011 0.012 0.02  0.028 0.043 0.701]]
