[[0.824 0.    0.024 0.028 0.003 0.001 0.113 0.    0.007 0.   ]
 [0.001 0.972 0.001 0.016 0.001 0.    0.008 0.    0.001 0.   ]
 [0.016 0.    0.858 0.012 0.066 0.    0.045 0.    0.003 0.   ]
 [0.011 0.003 0.011 0.911 0.04  0.    0.019 0.    0.005 0.   ]
 [0.    0.001 0.05  0.026 0.866 0.001 0.054 0.    0.002 0.   ]
 [0.    0.    0.    0.    0.    0.969 0.    0.021 0.001 0.009]
 [0.099 0.    0.078 0.024 0.089 0.    0.702 0.    0.008 0.   ]
 [0.    0.    0.    0.    0.    0.012 0.    0.965 0.002 0.021]
 [0.008 0.    0.004 0.005 0.002 0.001 0.003 0.002 0.975 0.   ]
 [0.    0.    0.    0.    0.    0.008 0.    0.028 0.    0.964]]
