[[9.95918367e-01 0.00000000e+00 1.02040816e-03 0.00000000e+00
  0.00000000e+00 0.00000000e+00 2.04081633e-03 1.02040816e-03
  0.00000000e+00 0.00000000e+00]
 [0.00000000e+00 9.94713656e-01 8.81057269e-04 0.00000000e+00
  0.00000000e+00 0.00000000e+00 0.00000000e+00 4.40528634e-03
  0.00000000e+00 0.00000000e+00]
 [0.00000000e+00 0.00000000e+00 9.96124031e-01 0.00000000e+00
  9.68992248e-04 0.00000000e+00 9.68992248e-04 1.93798450e-03
  0.00000000e+00 0.00000000e+00]
 [0.00000000e+00 0.00000000e+00 0.00000000e+00 9.95049505e-01
  0.00000000e+00 9.90099010e-04 0.00000000e+00 1.98019802e-03
  1.98019802e-03 0.00000000e+00]
 [0.00000000e+00 1.01832994e-03 0.00000000e+00 0.00000000e+00
  9.84725051e-01 0.00000000e+00 1.01832994e-03 0.00000000e+00
  0.00000000e+00 1.32382892e-02]
 [1.12107623e-03 0.00000000e+00 0.00000000e+00 7.84753363e-03
  0.00000000e+00 9.88789238e-01 1.12107623e-03 0.00000000e+00
  0.00000000e+00 1.12107623e-03]
 [2.08768267e-03 2.08768267e-03 0.00000000e+00 0.00000000e+00
  1.04384134e-03 2.08768267e-03 9.90605428e-01 0.00000000e+00
  2.08768267e-03 0.00000000e+00]
 [0.00000000e+00 9.72762646e-04 3.89105058e-03 0.00000000e+00
  9.72762646e-04 0.00000000e+00 0.00000000e+00 9.92217899e-01
  9.72762646e-04 9.72762646e-04]
 [4.10677618e-03 0.00000000e+00 1.02669405e-03 1.02669405e-03
  0.00000000e+00 1.02669405e-03 0.00000000e+00 1.02669405e-03
  9.88706366e-01 3.08008214e-03]
 [0.00000000e+00 0.00000000e+00 0.00000000e+00 0.00000000e+00
  4.95540139e-03 1.98216056e-03 0.00000000e+00 1.98216056e-03
  0.00000000e+00 9.91080278e-01]]
